# seed: 258571588
54
9 49
10 37 98
37 79 83 57
12 19 69 30 0
44 70 4 97 72 36
14 20 67 64 67 34 31
74 75 24 16 66 11 91 5
9 56 73 17 59 17 58 43 87
32 38 42 77 12 52 5 56 24 32
64 15 11 73 87 91 67 49 47 32 32
11 16 78 7 4 87 82 73 88 41 64 31
23 8 16 3 95 60 26 97 95 59 44 39 50
39 78 95 0 37 89 80 50 32 45 48 26 23 38
76 25 0 50 89 84 70 40 4 74 94 89 77 52 62
43 86 80 99 20 11 52 73 17 70 71 9 56 69 30 91
2 27 53 30 33 84 29 25 69 44 98 35 21 32 77 31 97
90 51 90 65 87 27 15 77 50 70 15 23 23 42 65 49 97 36
68 12 73 94 51 0 21 49 86 99 62 84 17 72 11 60 34 96 54
63 59 63 84 0 41 85 5 92 47 73 6 91 69 68 93 90 66 3 58
2 16 11 55 31 28 65 1 74 52 93 78 37 90 84 49 36 76 95 61 65
40 41 67 17 43 40 74 78 61 87 48 14 49 8 71 50 64 84 13 5 91 45
38 92 2 1 41 90 95 16 82 28 76 56 39 42 79 49 73 90 16 81 66 23 64
26 25 15 53 58 79 65 21 48 25 65 81 52 83 58 43 9 60 99 0 80 23 31 28
95 90 70 11 95 9 20 90 18 7 32 67 1 86 39 75 33 33 9 74 83 63 81 8 78
86 92 46 0 42 43 99 32 69 74 3 79 52 85 91 0 83 6 91 54 62 78 8 69 32 62
13 60 14 38 77 94 57 84 80 40 12 6 96 79 29 49 10 3 83 87 58 39 87 33 24 30 55
74 45 71 51 84 26 89 59 81 36 53 74 39 81 96 66 92 82 6 28 92 2 17 55 45 8 88 5
29 14 75 30 36 14 80 50 29 5 24 70 26 90 96 99 76 37 92 95 78 66 49 64 63 2 15 67 19
21 94 2 78 49 51 7 23 86 63 73 15 59 31 92 38 94 98 65 13 28 76 72 19 52 13 43 70 94 99
60 53 76 2 74 43 25 16 9 7 30 29 28 59 74 81 61 44 50 5 80 44 86 72 16 87 47 42 3 0 46
64 53 40 94 27 97 1 58 48 68 44 26 9 23 45 8 97 95 17 54 54 28 50 80 84 47 19 68 79 46 42 87
73 18 47 26 98 67 0 89 93 33 43 5 8 34 57 48 61 96 87 24 63 93 83 72 52 42 10 27 52 22 28 35 16
76 26 42 90 68 67 21 69 19 23 92 73 28 50 38 32 8 44 14 16 51 94 72 56 64 0 67 51 28 90 56 48 14 54
19 92 96 20 58 98 34 80 59 21 31 85 91 93 86 7 17 64 41 80 87 28 62 17 97 49 60 80 5 5 69 74 76 64 50
97 20 34 91 35 9 52 25 46 1 86 70 25 12 88 29 73 33 56 15 46 5 8 18 45 94 22 4 38 15 73 28 15 63 76 33
51 19 57 68 29 98 66 37 1 28 87 13 5 98 13 88 86 26 16 78 78 15 9 80 10 49 79 52 93 75 15 57 64 65 68 30 2
4 93 38 55 69 82 91 44 99 93 96 37 5 32 63 11 16 37 71 91 45 87 91 37 76 45 98 58 74 2 40 56 37 87 18 11 62 64
21 45 54 5 87 79 94 45 75 48 42 66 48 68 5 9 14 1 91 73 61 34 35 83 26 12 48 44 84 58 40 82 44 37 45 69 62 81 92
79 36 36 87 20 28 57 2 84 79 74 79 59 12 71 84 38 48 58 25 83 88 90 22 51 96 32 91 6 16 42 96 60 28 65 89 19 53 90 63
68 19 68 44 59 70 1 36 95 22 81 21 70 63 82 22 28 73 30 24 34 53 19 66 31 53 13 7 15 95 88 98 70 22 87 90 48 4 12 92 63
88 91 46 88 84 35 94 16 59 95 56 62 10 46 57 74 80 85 93 52 17 78 40 74 76 14 5 80 89 13 19 26 42 94 2 5 76 55 26 0 78 18
20 3 58 73 42 93 86 24 15 58 35 1 20 35 24 18 58 50 50 31 26 87 31 31 96 50 30 9 56 84 86 8 90 55 54 11 8 45 53 72 14 73 22
59 55 78 0 23 59 78 85 27 97 11 21 2 36 1 50 57 77 79 22 13 20 28 69 81 72 22 70 15 92 17 57 2 21 74 11 53 78 44 21 79 36 57 86
46 30 63 37 68 92 45 52 28 24 72 92 38 70 3 13 14 75 70 88 66 85 0 32 43 94 12 79 93 62 98 71 73 18 48 46 56 43 11 66 35 28 9 78 26
2 96 89 24 34 8 24 29 44 39 80 19 47 86 54 36 56 90 17 85 77 40 98 0 31 29 29 12 44 69 79 37 63 42 52 55 61 64 29 33 86 24 36 47 5 14
87 93 81 19 50 67 85 71 8 97 20 86 86 40 22 22 40 80 14 17 1 69 52 60 25 37 38 47 90 52 56 76 93 30 79 20 67 11 72 22 16 77 81 47 99 79 51
67 12 46 58 56 47 3 48 93 87 1 25 75 91 53 53 9 96 6 55 55 52 44 77 35 35 67 83 27 73 36 0 15 64 67 56 8 51 5 51 87 20 78 67 92 71 28 79
75 21 82 40 4 53 15 88 23 8 15 93 27 28 53 16 44 99 35 68 16 46 79 23 43 66 31 83 79 22 71 37 23 79 19 80 40 93 68 53 6 20 9 44 50 36 84 90 65
41 39 18 89 30 92 11 99 76 8 38 36 96 59 81 85 23 38 16 3 78 35 97 17 74 10 20 33 48 2 57 45 31 94 73 34 8 49 26 4 7 85 56 18 60 44 90 50 40 62
31 56 47 0 82 34 86 69 37 71 26 38 94 82 4 4 37 96 56 22 91 95 42 31 44 97 68 97 37 52 58 64 38 95 31 94 74 63 69 23 6 85 21 2 6 15 65 14 28 50 22
3 67 78 82 25 27 14 3 12 76 76 58 7 97 93 36 18 80 82 55 70 88 94 12 28 62 8 97 79 40 41 2 12 83 35 14 3 13 61 16 59 9 67 35 87 59 46 84 32 76 53 46
24 78 43 37 9 36 73 72 99 74 93 60 64 80 56 46 10 61 57 96 91 99 63 10 64 41 93 48 32 74 50 12 41 85 4 26 69 6 94 47 98 77 53 63 8 49 71 23 29 20 99 96 91
49 85 10 6 91 99 24 29 42 23 9 27 45 8 44 91 39 15 97 29 14 21 25 80 6 2 8 16 34 18 22 5 78 62 35 58 17 19 56 89 69 18 44 76 17 55 71 13 11 12 59 79 41 98
52 4 87 99 42 3 74 47 79 31 51 20 94 31 10 58 8 10 29 25 73 91 74 78 91 69 79 29 84 88 9 20 90 19 92 13 16 71 5 49 51 90 93 61 82 14 90 71 12 5 84 91 29 20 24
57 84 48 17 18 20 69 79 70 97 15 1 99 34 31 2 57 18 54 65 75 24 58 99 11 36 37 89 11 95 80 70 27 66 41 43 15 4 5 63 72 58 86 39 15 33 39 83 26 11 3 81 84 55 38 91
54 31 52 44 31 0 14 57 40 77 66 55 88 67 84 76 19 9 28 96 24 36 92 5 45 8 40 35 7 35 25 42 38 23 56 38 30 62 58 9 30 72 85 71 17 62 10 55 15 22 31 74 58 16 33 59 62
12 94 42 55 77 88 62 86 14 6 93 12 12 9 2 54 17 35 58 2 8 68 4 19 1 49 16 56 44 86 15 68 34 13 42 98 69 21 0 56 50 94 99 36 48 49 11 18 86 8 37 83 49 97 98 48 22 59
74 84 13 79 6 91 40 53 76 75 17 83 75 60 17 19 6 88 30 24 20 18 49 48 18 56 74 21 70 29 89 21 61 29 61 21 84 4 56 73 10 37 19 19 1 7 56 38 52 63 18 22 42 45 16 38 51 10 71
52 92 11 53 51 67 95 55 47 88 47 55 51 58 54 27 43 63 37 87 84 88 21 73 49 97 40 44 15 70 79 66 31 51 77 28 9 6 14 8 37 62 99 81 13 23 17 60 5 13 69 70 14 2 58 19 75 57 95 81
75 5 84 25 1 16 16 64 50 29 50 46 92 72 20 10 99 49 30 42 24 58 8 61 83 47 14 70 67 49 93 55 38 31 2 72 23 6 0 91 83 44 39 45 71 64 64 14 79 56 89 18 37 59 29 76 34 49 25 9 38
30 22 86 75 68 3 10 55 95 4 95 56 55 49 20 62 79 20 81 39 56 62 47 83 96 24 74 82 74 75 33 83 56 55 34 36 5 16 43 7 45 0 33 80 82 36 67 97 20 6 19 5 25 84 77 98 12 67 65 0 85 40
60 38 78 7 47 31 48 82 24 78 20 45 29 45 37 72 3 9 12 46 52 11 4 73 97 42 40 39 88 0 50 28 42 79 41 71 60 29 95 15 96 73 9 66 39 69 1 65 95 21 15 59 91 5 40 0 27 32 75 95 38 25 89
67 81 78 9 15 15 5 49 13 92 23 52 25 75 33 13 67 99 33 28 82 70 17 25 81 9 23 98 61 16 80 30 89 36 60 77 62 46 49 38 18 3 8 65 51 73 73 76 38 36 53 68 23 87 85 19 36 34 27 61 77 71 22 46
99 40 24 18 53 47 15 86 88 53 8 55 74 88 20 60 31 30 58 55 96 63 26 10 2 15 88 28 56 89 85 47 59 79 95 35 55 20 52 37 2 63 44 71 66 86 23 73 76 67 59 45 20 23 48 26 17 30 59 58 41 91 33 23 98
97 7 73 76 46 28 43 35 4 87 16 74 29 26 25 70 94 48 73 53 69 51 72 66 14 3 24 97 49 88 65 80 25 18 32 26 77 98 25 81 88 29 79 83 51 5 34 89 64 82 19 71 38 34 14 97 48 68 5 68 27 60 5 10 67 40
72 22 57 59 22 67 12 54 80 56 6 68 94 90 79 20 65 87 66 86 14 90 63 47 54 37 32 46 91 42 0 11 44 54 26 36 70 80 32 87 90 6 47 26 51 31 46 98 97 77 8 71 31 53 84 27 59 80 6 62 52 81 79 89 13 26 36
74 85 90 35 27 23 40 55 17 40 1 98 81 71 92 38 9 81 23 2 52 23 14 4 23 74 24 56 77 18 86 62 60 59 36 1 14 28 51 64 47 29 1 54 71 60 4 91 12 36 30 65 74 88 67 77 99 59 1 56 72 68 44 62 77 56 86 58
37 16 14 14 96 26 81 79 6 16 78 38 35 49 39 14 94 71 74 98 28 90 70 22 44 83 67 98 76 93 36 23 15 9 90 55 26 32 3 4 38 19 2 61 15 35 43 80 23 55 31 84 79 35 89 3 51 43 85 96 54 5 81 92 80 32 34 38 19
25 89 69 9 36 79 6 52 85 64 80 53 78 84 45 16 2 56 26 16 71 82 10 31 31 7 68 68 52 55 87 12 23 93 39 25 76 70 78 30 21 48 25 21 44 46 62 58 91 65 7 4 59 59 49 94 25 65 79 36 70 85 25 57 93 17 53 53 83 22
21 0 34 85 15 74 27 88 27 50 35 94 35 2 9 60 85 93 10 71 93 55 30 3 2 30 79 59 24 78 52 32 52 28 84 29 11 24 73 87 44 64 96 57 58 98 91 92 82 38 35 37 71 49 3 57 68 14 73 34 39 30 24 83 0 72 52 54 45 7 87
50 25 32 52 20 90 36 62 39 56 66 30 63 5 75 86 53 36 91 68 37 2 83 35 44 80 12 28 94 83 84 36 47 70 34 82 50 18 81 89 90 99 92 81 33 10 64 67 84 15 51 90 42 38 57 20 22 59 78 50 35 11 98 49 18 10 41 50 26 75 88 49
45 11 50 83 59 58 68 17 76 79 46 77 24 26 86 16 38 49 48 5 79 1 57 38 0 75 99 81 74 19 81 26 35 8 46 68 70 30 31 85 37 25 94 72 66 39 24 6 4 1 71 13 16 44 46 90 56 15 25 81 21 29 64 71 85 5 17 64 68 49 2 75 98
1 41 67 62 40 34 23 55 33 71 2 68 84 52 74 47 24 46 60 19 6 22 45 74 44 7 83 26 11 72 86 88 74 45 78 31 58 73 91 19 47 84 24 38 66 19 29 85 44 33 0 92 37 30 40 99 59 12 33 88 49 61 67 74 34 71 85 81 80 63 86 13 25 54
8 82 69 67 85 1 72 93 19 52 63 4 39 31 15 43 59 74 6 65 45 41 72 46 93 56 78 14 63 29 89 72 53 83 53 93 64 27 68 67 72 82 71 37 31 79 76 33 4 29 67 21 26 8 39 29 84 4 88 25 79 62 16 47 22 11 75 28 10 0 32 15 63 0 29
88 76 86 94 50 63 87 27 24 92 8 1 79 36 37 40 33 61 12 18 35 5 25 22 40 57 80 68 49 97 81 50 77 97 45 29 22 62 77 3 3 95 12 56 77 8 19 31 97 78 89 43 51 93 93 95 81 62 30 96 88 24 57 97 97 35 0 89 16 41 32 38 60 56 69 53
99 68 98 99 85 62 30 83 85 83 95 49 36 44 35 99 41 34 84 15 42 94 89 50 78 98 2 88 25 75 95 32 16 96 6 91 33 20 81 98 99 65 15 81 12 65 6 35 4 50 34 59 86 77 19 56 14 82 69 18 49 68 73 97 54 33 51 40 66 21 94 99 86 65 9 90 34
46 80 62 89 12 0 1 81 13 32 82 49 46 59 67 85 22 43 72 99 41 37 17 91 37 68 4 54 69 1 56 72 3 16 50 36 60 32 22 69 53 84 46 30 33 10 31 4 22 18 93 52 86 28 11 44 88 20 91 58 39 7 72 36 59 35 41 80 14 31 45 48 30 77 10 87 83 96
11 86 79 90 24 5 59 24 76 74 85 10 38 0 62 15 29 5 19 36 44 66 3 29 43 49 84 4 4 98 40 43 71 15 47 94 21 5 68 1 11 3 20 16 55 30 6 97 47 0 30 32 96 30 29 18 43 93 27 3 30 16 4 49 77 88 99 23 51 34 33 48 42 17 59 1 91 29 96
9 79 16 5 46 43 44 42 78 57 82 10 90 77 1 40 64 40 68 62 16 84 22 2 63 49 44 28 51 50 68 42 83 49 89 20 83 82 51 1 42 10 66 54 52 93 52 86 67 85 19 94 74 62 13 8 75 64 14 3 2 20 13 10 3 56 19 31 15 44 77 86 12 89 84 90 98 42 10 76
85 26 89 52 52 63 13 42 1 16 49 6 75 25 70 71 29 24 38 77 77 67 0 57 29 79 93 72 31 76 99 49 84 71 95 95 47 41 65 95 71 37 32 87 58 73 40 1 6 73 71 30 97 70 12 51 70 7 60 77 0 47 39 65 39 22 88 4 38 37 28 49 62 57 28 6 18 80 3 8 8
68 93 48 72 68 7 86 1 86 5 4 76 82 54 84 26 26 4 63 46 51 79 16 39 46 48 93 3 13 90 72 24 93 1 81 90 83 67 8 80 66 96 91 96 47 95 39 48 0 96 16 70 63 26 58 52 16 92 2 31 78 23 50 91 70 2 90 26 49 22 84 45 78 42 91 87 29 16 48 35 70 7
82 67 9 64 8 99 98 48 77 11 33 80 84 55 94 24 14 9 68 74 82 6 83 6 15 58 87 3 73 70 24 69 1 48 76 82 39 74 96 17 67 53 72 2 0 77 90 67 6 6 90 7 66 25 44 48 76 69 46 65 65 33 32 42 95 58 94 93 6 11 7 41 28 17 1 60 89 74 76 91 6 66 20
31 72 4 46 49 58 71 6 33 28 40 45 47 26 93 42 50 33 0 70 15 88 38 1 56 35 56 72 17 29 40 94 60 85 49 87 55 84 28 28 4 86 99 36 55 63 28 3 24 76 31 90 36 98 53 84 56 34 1 13 20 68 17 56 31 63 50 26 9 12 45 94 11 35 86 87 94 81 63 83 82 83 87 70
6 55 45 34 1 95 59 83 49 87 68 38 28 60 42 80 56 19 94 48 68 27 9 62 73 93 39 40 83 58 3 86 16 39 39 39 19 88 8 22 35 69 22 23 91 39 20 8 30 84 90 20 15 19 96 76 35 99 52 55 56 2 77 71 66 93 79 99 65 83 46 72 54 99 50 13 55 32 46 67 9 33 6 1 26
58 3 5 64 58 37 84 1 41 40 25 48 6 87 98 45 23 67 94 14 1 17 35 97 56 43 24 20 98 49 19 3 52 10 34 4 11 31 43 89 81 83 98 35 93 66 91 13 32 86 26 31 86 55 40 81 61 10 83 40 97 35 81 67 1 33 54 36 49 21 20 14 65 96 60 94 27 78 92 58 94 34 95 54 11 98
57 7 85 1 13 63 48 98 93 98 9 17 93 67 70 12 27 42 77 14 55 74 12 23 35 32 73 73 94 70 28 41 87 54 2 19 45 12 87 59 53 91 97 12 92 69 32 95 24 94 34 17 26 82 76 38 57 10 70 66 10 44 8 10 24 32 14 56 79 51 56 1 18 76 99 63 22 94 47 19 90 85 98 89 33 5 78
47 75 77 79 17 87 10 0 58 9 15 92 64 44 17 37 17 61 11 89 86 92 39 17 63 11 65 39 42 96 34 11 37 35 69 78 25 26 54 68 16 90 4 60 35 76 73 66 90 32 33 82 26 1 11 24 28 61 92 12 36 77 50 10 69 38 94 10 48 63 51 7 20 99 66 35 81 2 11 97 38 16 14 62 69 82 27 88
65 5 51 89 23 9 83 36 90 52 60 51 37 60 90 2 7 68 35 95 30 38 59 80 93 48 9 41 8 77 41 58 71 52 90 62 27 74 88 53 60 21 86 81 80 99 54 44 77 40 1 18 10 92 82 7 40 30 91 39 20 77 67 50 82 12 77 71 8 95 74 4 85 96 73 69 9 44 95 55 53 73 65 39 45 37 3 63 38
89 61 61 71 72 28 68 85 70 11 96 62 33 67 30 14 27 49 85 32 70 57 12 4 89 39 82 63 29 62 40 24 89 32 61 59 74 81 39 60 10 41 98 89 91 81 55 6 73 26 59 13 93 37 90 77 22 86 11 36 51 88 18 62 9 19 85 62 55 61 12 0 92 71 16 17 54 43 95 86 65 32 78 28 74 66 95 5 54 24
2 40 7 68 96 99 51 24 48 86 48 4 82 29 52 89 41 42 88 58 97 37 52 58 70 81 76 44 60 31 2 23 40 79 81 74 7 76 9 93 18 25 76 18 86 18 85 54 75 60 28 65 1 37 75 85 83 84 96 87 0 84 99 0 31 34 10 90 66 8 92 16 3 53 76 80 44 59 21 8 66 72 68 28 69 62 56 57 54 61 85
48 69 8 55 26 45 79 2 49 7 59 88 41 48 93 67 21 52 10 14 17 44 28 44 31 95 1 44 98 53 88 67 98 68 10 95 67 65 23 36 58 56 19 93 98 63 8 10 85 9 60 74 78 74 13 24 47 91 33 23 79 54 93 87 5 16 26 54 89 23 70 4 97 97 57 75 9 34 84 48 96 48 88 39 82 1 4 45 62 51 11 1
73 44 17 36 54 31 13 54 97 3 93 79 55 71 76 50 91 8 8 65 83 96 47 62 43 72 3 31 79 13 63 30 4 71 86 39 68 94 35 34 3 54 94 20 75 50 37 10 20 1 15 50 9 38 20 47 83 11 79 28 75 89 92 73 88 51 21 11 23 52 43 65 7 90 63 71 53 21 71 39 52 45 23 34 74 74 72 46 91 94 17 82 32
33 58 20 33 76 18 92 71 42 57 33 56 5 30 89 45 90 8 0 42 1 23 54 3 7 18 71 35 93 59 17 29 47 51 54 2 62 42 59 37 56 22 80 43 6 72 49 64 78 68 99 36 3 27 1 31 99 72 50 90 81 43 88 54 63 80 58 12 90 91 31 88 25 26 36 60 73 46 56 41 4 12 78 0 85 3 31 50 27 90 47 86 80 43
79 80 3 95 17 31 23 11 25 36 42 36 91 43 30 91 17 88 54 3 26 74 30 83 5 68 50 69 42 49 88 21 95 50 92 72 84 59 33 96 24 90 15 57 14 27 9 6 73 65 37 22 76 68 38 51 62 22 82 53 14 80 48 3 43 96 81 14 21 79 52 31 44 1 48 8 33 94 7 85 34 41 80 77 26 68 53 51 55 55 47 41 29 26 40
27 40 50 60 74 89 8 28 61 14 69 48 2 28 74 82 38 3 27 60 51 69 59 23 31 55 11 55 1 89 29 16 95 25 41 14 11 60 98 45 20 41 26 75 66 47 52 24 31 61 88 69 76 85 37 25 7 19 63 68 50 95 71 61 33 15 48 51 38 42 21 20 82 6 33 67 53 45 11 32 31 15 82 62 69 17 42 93 51 25 34 82 52 47 49 93
12 20 67 2 55 18 1 56 10 80 65 86 99 48 93 22 81 14 83 12 54 59 38 45 67 36 48 75 34 78 51 50 24 87 51 44 16 46 45 56 35 87 98 12 66 71 40 59 11 8 78 27 98 86 56 64 87 1 21 65 85 66 4 99 16 13 15 56 40 17 18 22 51 24 89 55 85 13 57 41 92 92 88 18 74 49 89 78 35 10 74 60 72 87 22 92 34
88 43 83 97 90 52 38 52 26 57 1 42 87 56 46 24 23 76 2 49 10 45 51 43 31 42 46 59 87 75 45 21 48 35 93 75 35 7 42 8 58 54 38 37 38 64 44 3 4 82 39 52 75 11 12 8 91 21 65 88 97 28 10 81 64 0 94 71 78 78 11 94 27 0 19 23 60 70 81 40 4 22 60 42 42 61 7 60 54 31 49 41 81 24 76 94 96 73
89 57 76 91 50 82 86 88 96 96 22 86 0 65 70 49 78 88 85 85 34 84 29 37 83 90 50 97 45 36 29 90 87 92 1 36 2 4 54 13 41 59 8 92 5 97 74 41 33 25 97 16 44 32 87 30 75 80 34 37 19 71 62 48 7 77 29 18 27 19 23 27 93 5 30 44 33 28 29 77 92 86 86 10 81 53 96 71 53 14 11 73 37 31 99 57 98 71 48
72 89 61 2 62 45 17 23 25 98 42 74 34 52 7 16 2 45 53 73 38 72 17 42 65 67 76 33 75 80 82 42 44 12 29 66 27 45 79 41 49 22 91 54 62 25 99 94 37 84 34 6 89 1 76 7 69 25 42 75 46 17 52 59 4 49 7 55 21 52 21 31 70 12 47 72 48 58 58 86 87 59 6 37 32 60 0 66 92 88 13 46 20 56 58 23 13 22 99 6
